0 ['insertion sort with random list']
1 [1000, 1.267, 1]
2 [4000, 27.848, 1]
3 [8000, 157.166, 1]
4 [12000, 410.021, 1]
5 [16000, 764.588, 1]
6 ['insertion sort with ascending list']
7 [1000, 2.532, 1]
8 [4000, 39.252, 1]
9 [8000, 155.391, 1]
10 [12000, 348.499, 1]
11 [16000, 624.0, 1]
12 ['insertion sort with descending list']
13 [1000, 0.064, 1]
14 [4000, 0.242, 1]
15 [8000, 0.428, 1]
16 [12000, 0.649, 1]
17 [16000, 1.043, 1]
18 ['recursive selection sort with random list']
19 [1000, 2.967, 2]
20 [4000, 47.008, 2]
21 [8000, 194.546, 2]
22 [12000, 451.536, 2]
23 [16000, 799.356, 2]
24 ['recursive selection sort with ascending list']
25 [1000, 2.567, 2]
26 [4000, 43.768, 2]
27 [8000, 175.485, 2]
28 [12000, 391.999, 2]
29 [16000, 696.845, 2]
30 ['recursive selection sort with descending list']
31 [1000, 2.832, 2]
32 [4000, 44.728, 2]
33 [8000, 174.703, 2]
34 [12000, 413.331, 2]
35 [16000, 696.618, 2]
36 ['iterative selection sort with random list']
37 [1000, 3.185, 3]
38 [4000, 49.991, 3]
39 [8000, 207.153, 3]
40 [12000, 488.281, 3]
41 [16000, 909.497, 3]
42 ['iterative selection sort with ascending list']
43 [1000, 3.279, 3]
44 [4000, 46.728, 3]
45 [8000, 187.488, 3]
46 [12000, 428.573, 3]
47 [16000, 743.137, 3]
48 ['iterative selection sort with descending list']
49 [1000, 2.714, 3]
50 [4000, 44.784, 3]
51 [8000, 197.528, 3]
52 [12000, 400.581, 3]
53 [16000, 715.191, 3]
54 ['merge sort with random list']
55 [16000, 19.687, 4]
56 [100000, 148.368, 4]
57 [200000, 353.628, 4]
58 [300000, 598.418, 4]
59 [400000, 789.787, 4]
60 ['merge sort with ascending list']
61 [16000, 16.733, 4]
62 [100000, 121.198, 4]
63 [200000, 259.327, 4]
64 [300000, 398.417, 4]
65 [400000, 536.447, 4]
66 ['merge sort with descending list']
67 [16000, 17.014, 4]
68 [100000, 123.849, 4]
69 [200000, 259.694, 4]
70 [300000, 403.392, 4]
71 [400000, 544.636, 4]
